{
  "camera_angle_x": 0.7853981633974483,
  "frames": [

    {"file_path": "./imgs_0/corner1",
      "transform_matrix": [[-0.70710678,  0.19245009,  0.68041382, -0.5       ],
       [ 0.70710678,  0.19245009,  0.68041382,  0.2       ],
       [ 0.0        ,  0.96225045, -0.27216553,  0.4       ],
       [ 0.0        ,  0.0        ,  0.0        ,  1.0        ]]
    },

    {"file_path": "./imgs_0/corner2",
      "transform_matrix": [[-7.07106781e-01, -2.76172385e-01, -6.50944555e-01,
         7.00000000e-01],
       [-7.07106781e-01,  2.76172385e-01,  6.50944555e-01,
         1.00000000e-01],
       [ 5.55111512e-17,  9.20574618e-01, -3.90566733e-01,
         4.00000000e-01],
       [ 0.00000000e+00,  0.00000000e+00,  0.00000000e+00,
         1.00000000e+00]]
    },

    {"file_path": "./imgs_0/corner3",
      "transform_matrix": [[ 0.70710678,  0.27617239,  0.65094455, -0.5       ],
       [ 0.70710678, -0.27617239, -0.65094455,  1.0        ],
       [ 0.0        ,  0.92057462, -0.39056673,  0.4       ],
       [ 0.0        ,  0.0        ,  0.0        ,  1.0        ]]
    },

    {"file_path": "./imgs_0/corner4",
      "transform_matrix": [[ 7.07106781e-01, -2.76172385e-01, -6.50944555e-01,
         7.00000000e-01],
       [-7.07106781e-01, -2.76172385e-01, -6.50944555e-01,
         1.00000000e+00],
       [-5.55111512e-17,  9.20574618e-01, -3.90566733e-01,
         4.00000000e-01],
       [ 0.00000000e+00,  0.00000000e+00,  0.00000000e+00,
         1.00000000e+00]]
    },

    {"file_path": "./imgs_0/gripperPOV",
      "transform_matrix": [[ 1.12500000e+00,  7.21040814e-07, -8.24166988e-06,
         5.91672453e-03],
       [-7.21040814e-07, -1.10790928e+00, -1.95351033e-01,
         4.08365590e-01],
       [-8.24166988e-06,  1.95351033e-01, -1.10790928e+00,
         2.44172053e-01],
       [ 0.00000000e+00,  0.00000000e+00,  0.00000000e+00,
         1.00000000e+00]]
    }


  ]


}